1.039235262105921231e-18
-6.699070381882784883e-18
-1.168739963999120787e-17
1.036037615145595371e-17
3.197646960325911692e-20
7.226682130336559954e-18
2.558117568260729450e-18
-1.047229379506736052e-17
2.717999916277024728e-19
5.547917476165457035e-18
1.402168192102912177e-17
5.691811589380122824e-18
-8.026093870418038269e-18
-4.508682214059535227e-18
2.901864616495764817e-18
-1.071211731709180479e-17
1.151152905717328233e-18
1.910594058794732246e-18
-3.301570486536503974e-18
-3.637323417370724404e-18
-1.262271137588653665e-17
-8.753558553892182533e-18
-2.278323459232212040e-18
2.438205807248507703e-18
-2.230358754827323572e-18
5.196176310529606153e-19
-9.193235010936996761e-18
2.406229337645248724e-18
-4.076999874415537573e-19
7.938158579009075115e-18
2.558117568260729354e-19
1.606817597563770603e-18
-4.172929283225314797e-18
-7.370576243551226513e-18
-1.494899953952363793e-18
-6.219423337833897895e-18
-2.014517585005324504e-18
1.726729358575992350e-18
8.793529140896257604e-20
-3.685288121775613257e-18
-4.236882222431832947e-19
-3.357529308342207379e-18
-1.366994075539327301e-18
-2.582099920463173876e-18
-1.295047018931994214e-18
-5.372046893347531498e-18
5.755764528586641166e-19
-4.564641035865238632e-18
-1.846641119588213904e-18
4.061011639613907987e-18
-2.318294046236286052e-19
4.796470440488867839e-20
-7.746299761389521244e-18
-5.404023362950790477e-18
-1.430947014745845451e-18
1.598823480162955906e-19
-1.758705828179251521e-18
3.245611664730800184e-18
-7.354588008749596831e-19
-5.483964536958938308e-18
3.165670490722652738e-18
-5.308093954141013541e-18
1.750711710778436584e-18
4.076999874415537573e-19
-2.270329341831397488e-18
-1.119176436114069062e-18
4.716529266480719550e-19
-5.388035128149161373e-18
-2.733988151078654602e-18
4.444729274853017270e-18
-1.566847010559696687e-18
1.758705828179251521e-18
-7.194705660733301457e-20
-4.396764570448128417e-18
1.303041136332808959e-18
-2.797941090285172655e-19
1.590829362762141113e-18
-1.279058784130364677e-19
1.079205849109995146e-18
3.077735199313689969e-18
5.276117484537754563e-19
2.366258750641174809e-18
1.319029371134438641e-18
1.358999958138512364e-19
-5.755764528586641166e-19
6.395293920651823384e-20
-6.395293920651823384e-20
1.438941132146660195e-18
1.838647002187399352e-18
-3.045758729710430990e-18
3.173664608123467290e-18
2.278323459232212040e-18
-4.476705744456276248e-19
1.255076431927920298e-18
1.966552880600435651e-18
1.031241144705106486e-18
-1.670770536770288945e-18
-2.877882264293320583e-19
-3.917117526399242199e-18
-1.966552880600435651e-18
2.070476406811027909e-18
2.917852851297394306e-19
-1.718735241175177557e-19
3.517411656358503042e-19
-2.873885205592913114e-18
1.235091138425883341e-18
-4.672561620776238166e-18
1.079205849109995146e-18
-2.865891088192098177e-18
-6.739040968886859184e-18
2.997794025305542138e-18
1.702747006373547923e-18
-2.142423463418360804e-18
-2.274326400531804764e-18
-3.929108702500464027e-18
-9.832764403002178257e-19
1.798676415183325437e-18
-3.045758729710430990e-18
-4.244876339832648077e-18
-3.589358712965835551e-18
-2.294311694033841529e-18
-1.878617589191473268e-18
3.837176352391094271e-19
-5.372046893347531498e-18
4.516676331460350549e-18
-4.412752805249758291e-18
-1.622805832365400092e-18
-3.741246943581316662e-18
-8.753558553892182533e-18
-3.181658725524282227e-18
-7.026829195316191531e-18
-2.142423463418360804e-18
-1.462923484349104622e-18
-5.875676289598862913e-18
-2.078470524211842510e-19
-8.633646792879961749e-19
-8.098040927025370778e-18
-4.788476323088053022e-18
-2.166405815620805230e-18
-6.275382159639602070e-18
-2.614076390066432855e-18
-1.135164670915698744e-18
-6.635117442676266926e-19
-4.700541031679089868e-18
3.509417538957687719e-18
-3.021776377507986564e-18
-3.701276356577243131e-18
-4.076999874415537091e-18
6.675088029680340650e-19
-1.674767595470696221e-18
-3.097720492815727119e-18
-5.607873356671567716e-18
-8.233940922839222592e-19
5.196176310529606153e-19
4.088991050516759690e-18
2.797941090285172655e-20
-4.864420438395792807e-18
9.832764403002178257e-19
2.558117568260729354e-19
3.697279297876835085e-18
7.114764486725153530e-19
-8.193970335835148869e-19
1.510888188753993282e-18
1.099191142612032104e-18
8.553705618871813340e-19
2.266332283130989827e-18
6.834970377696636505e-19
-1.558852893158881942e-18
-7.794264465794409712e-19
-7.994117400814779230e-21
-3.929108702500464027e-18
-3.785214589285798238e-18
-4.212899870229388328e-18
6.087520400720454705e-18
5.076264549517384984e-19
-3.953091054702908453e-18
-4.276852809435906670e-19
-2.278323459232212040e-18
-5.396029245549975732e-19
-9.872734990006252943e-19
-1.211108786223439107e-18
-2.298308752734249190e-18
6.994852725712931397e-19
-4.172929283225314797e-18
-4.592620446768090334e-18
1.179132316620179936e-18
-1.518882306154808027e-18
-4.568638094565646678e-18
-2.186391109122841995e-18
7.114764486725153530e-19
4.300835161638351482e-18
9.193235010936996761e-19
-3.021776377507986564e-18
-1.906597000094324970e-18
-4.876411614497015406e-19
1.107185260012846849e-18
6.715058616684414373e-19
-1.510888188753993282e-18
2.234355813527730848e-18
-1.454929366948289877e-18
4.556646918464423695e-19
-4.172929283225314797e-18
-9.313146771949216968e-19
-2.877882264293320583e-19
-1.311035253733623703e-18
-1.922585234895954460e-18
-9.792793815998105497e-19
-2.757970503281098932e-19
2.306302870135063742e-18
-2.837911677289246475e-18
-2.130432287317138590e-18
-1.758705828179251521e-19
-1.558852893158881942e-19
1.974546998001250589e-18
9.073323249924774629e-19
8.153999748831075146e-19
-3.853164587192723471e-18
7.434529182757744278e-19
-6.687079205781563055e-18
9.512999706969586546e-19
-4.796470440488867839e-20
-9.752823228994030811e-19
3.117705786317763885e-19
-4.584626329367275782e-18
-3.589358712965835551e-18
3.957088113403315922e-19
3.437470482350355114e-19
1.506891130053585813e-18
6.195440985631454046e-19
-1.994532291503287354e-18
-1.219102903624253851e-18
-2.154414639519583017e-18
-6.555176268668118517e-19
2.845905794690061412e-18
2.877882264293320390e-18
2.278323459232211847e-19
2.650049918370099495e-18
-1.255076431927920298e-18
-9.552970293973661232e-19
1.526876423555622771e-18
1.590829362762141113e-18
-2.382246985442804298e-18
-7.954146813810705567e-19
3.597352830366650729e-20
-4.009049876508611858e-18
3.013782260107171627e-18
-1.690755830272325903e-18
-1.774694062980881010e-18
-1.494899953952363793e-18
2.554120509560321789e-18
1.019249968603884273e-18
1.526876423555622771e-18
-3.757235178382946536e-18
1.518882306154807978e-19
1.634797008466622305e-18
-4.092988109217166966e-18
8.753558553892182918e-19
-1.462923484349104622e-18
-4.676558679476645827e-19
-8.313882096847370038e-19
-8.034087987818853013e-19
-1.790682297782510499e-18
-2.494164629054211108e-18
2.078470524211842461e-18
-3.341541073540577890e-18
1.055223496907550913e-18
-5.475970419558124141e-19
-2.741982268479469154e-18
-2.082467582912250123e-18
3.197646960325911692e-20
-3.621335182569095300e-18
4.716529266480719550e-19
-3.185655784224689503e-18
-4.716529266480719550e-19
-4.312826337739573310e-18
2.849902853390468688e-18
-4.396764570448128802e-20
-2.166405815620805230e-18
1.922585234895954460e-18
1.830652884786584415e-18
-3.125699903718578822e-18
-6.483229212060785816e-18
1.267067608029142512e-18
9.592940880977735678e-20
-4.156941048423685019e-19
-1.163144081818550446e-18
1.462923484349104622e-18
6.675088029680340650e-19
4.672561620776238166e-18
-3.353532249641799718e-18
1.994532291503287354e-18
2.590094037863988428e-18
6.635117442676266926e-19
-1.355002899438105088e-18
9.792793815998105497e-19
-1.139161729616106020e-18
-2.793944031584765283e-18
2.721996974977432389e-18
-1.726729358575992350e-18
1.818661708685362202e-18
-4.596617505468498381e-19
1.430947014745845451e-18
3.789211647986205515e-18
3.565376360763391895e-18
3.805199882787834619e-18
-1.418955838644623237e-18
-7.074793899721079807e-19
-1.602820538863363327e-18
-3.997058700407389645e-19
-7.554440943769966410e-19
-1.506891130053585813e-18
5.595882180570345311e-19
-3.237617547329985632e-18
-1.958558763199621099e-18
-3.277588134334059547e-18
-1.630799949766215029e-18
1.159147023118142978e-18
-6.395293920651823625e-19
-4.316823396439980586e-18
-2.717999916277025113e-18
3.381511660544651805e-18
-1.718735241175177605e-18
-9.992646751018473150e-19
-3.741246943581316662e-18
-3.069741081912875417e-18
-2.889873440394542604e-18
-2.885876381694135328e-18
9.792793815998105497e-19
1.482908777851141580e-18
6.355323333647749902e-19
-1.203114668822624362e-18
-3.597352830366650729e-20
2.198382285224064401e-19
-1.590829362762141113e-18
7.194705660733301457e-20
-1.586832304061733645e-18
-2.426214631147285490e-18
-3.625332241269502576e-18
-2.765964620681913580e-18
-1.654782301968659263e-18
1.650785243268251987e-18
3.197646960325911692e-20
-1.934576410997176673e-18
4.876411614497015406e-19
-5.455985126056086606e-18
1.910594058794732246e-18
1.998529350203694823e-19
-6.043552755015973128e-18
-1.382982310340956790e-18
-3.677294004374798705e-18
-9.580949704876513320e-18
-3.401496954046688571e-18
-4.080996933115945138e-18
-8.341861507750222318e-18
-4.061011639613907987e-18
-3.045758729710430990e-18
-1.822658767385769478e-18
-1.946567587098398886e-18
-2.338279339738323106e-18
2.278323459232211847e-19
-2.370255809341582085e-18
-3.285582251734874100e-18
-8.313882096847370038e-19
-1.686758771571918434e-18
1.630799949766215029e-18
1.454929366948289877e-18
1.626802891065807561e-18
-3.653311652172354278e-18
-3.065744023212467756e-18
3.917117526399241717e-19
-2.034502878507361270e-18
-1.634797008466622305e-18
-3.365523425743021931e-18
-2.398235220244433919e-20
-6.315352746643675216e-19
-2.042496995908176207e-18
-1.187126434020994680e-18
-1.766699945580066073e-18
1.271064666729549980e-18
-3.945096937302093901e-18
-1.750711710778436584e-18
2.182394050422434719e-18
5.172193958327162305e-18
-1.806670532584139989e-18
-3.689285180476020533e-18
-9.952676164014400390e-19
3.281585193034466824e-18
2.957823438301468222e-18
-1.127170553514883807e-18
-1.534870540956437708e-18
-1.139161729616106020e-18
1.646788184567844518e-18
3.009785201406764351e-18
-9.992646751018473150e-19
1.682761712871510965e-18
1.303041136332808959e-18
-1.155149964417735509e-18
1.211108786223439107e-18
1.482908777851141580e-18
-2.610079331366025579e-18
-2.302305811434656466e-18
-2.234355813527730848e-18
1.402967603842993748e-18
-1.323026429834845917e-18
-3.117705786317763885e-19
3.277588134334059259e-19
-1.510888188753993282e-18
-1.638794067167029774e-18
-4.208902811528981052e-18
-4.712532207780312467e-18
9.992646751018474113e-20
-5.815720409092752232e-18
3.397499895346281391e-19
-2.386244044143211574e-18
-8.597673264576295687e-18
-4.236882222431832754e-18
-7.318614480445930384e-18
-7.682346822183003287e-18
-1.152352023327450493e-17
5.979599815809455171e-18
-1.260672314108490755e-17
-8.817511493098702031e-18
2.158411698219990437e-19
-2.585297567423499466e-17
-7.354588008749597409e-18
-1.236689961906046328e-17
-2.366258750641174577e-17
-6.507211564263230242e-18
-1.390976427741771496e-17
-2.925846968698209243e-18
-1.737921122937132915e-17
-1.482109366111060163e-17
-5.092252784319014473e-18
-2.106449935114694241e-17
-1.166341728778876267e-17
-1.437342308666497439e-17
-1.717935829435095919e-17
-1.129568788735128249e-17
-1.586832304061733568e-17
-1.480110836760856525e-17
-7.206696836834523574e-18
4.212899870229388328e-18
-5.551914534865864311e-18
-3.457455775852391976e-18
-7.434529182757744278e-19
-8.633646792879961171e-18
-5.835705702594788612e-19
-6.047549813716380404e-18
5.603876297971160440e-18
1.155149964417735509e-18
-8.553705618871814110e-18
4.444729274853017270e-18
-4.340805748642425012e-18
-5.675823354578493720e-19
5.523935123963012609e-18
-5.963611581007825297e-18
-7.882199757203371710e-18
-6.323346864044490153e-18
-6.523199799064860116e-18
-1.395772898182260536e-17
-9.077320308625181135e-18
-1.398970545142586279e-18
2.953826379601060946e-18
-2.941835203499838733e-18
-5.396029245549975732e-19
-3.997058700407389260e-18
-4.084993991816352414e-18
-3.929108702500464027e-18
-2.322291104936693232e-18
-6.075529224619232106e-18
-8.086049750924148950e-18
-1.798676415183325437e-18
-9.297158537147589019e-18
-6.970870373510488127e-18
-1.187526139891035446e-17
-6.683082147081155779e-18
1.239088197126290809e-18
-2.586096979163581152e-18
-5.979599815809455171e-18
1.726729358575992350e-18
-3.093723434115319458e-18
-1.070412319969098870e-17
1.135164670915698744e-18
-5.372046893347531498e-18
-7.674352704782188542e-19
-5.571899828367901462e-18
-4.124964578820425944e-18
-1.534870540956437708e-18
1.031241144705106486e-18
-7.754293878790335989e-19
1.686758771571918434e-18
1.982541115402065141e-18
1.430947014745845451e-18
-1.526876423555622771e-18
2.358264633240359871e-18
-1.942570528397991225e-18
-6.954882138708857674e-19
-3.357529308342207186e-19
-4.236882222431832947e-19
-8.393823270855517966e-20
2.198382285224064401e-19
-2.030505819806953994e-18
-1.139161729616106020e-18
1.710741123774362668e-18
2.630064624868062344e-18
2.893870499094950265e-18
-9.113293836928847389e-19
-3.501423421556873167e-18
-1.742717593377622032e-18
-1.874620530491065607e-18
-3.397499895346281391e-19
4.636588092472572104e-19
-3.869152821994353346e-18
-5.036293962513311068e-18
1.470917601749919366e-18
-1.846641119588213904e-18
-1.774694062980881010e-18
-2.686023446673765749e-18
-1.343011723336882875e-18
-5.116235136521458900e-18
-2.574105803062358939e-18
2.725994033677839665e-18
-7.714323291786261495e-18
-6.491223329461600368e-18
-8.913440901908479737e-19
-1.143158788316513489e-18
-7.426535065356929918e-18
-3.789211647986205515e-18
-5.595882180570345311e-19
1.634797008466622305e-18
-5.515941006562198057e-18
-5.595882180570345311e-20
3.677294004374798416e-19
2.694017564074580686e-18
2.526141098657470086e-18
4.636588092472572104e-19
-2.238352872228138124e-18
-2.486170511653396171e-18
2.470182276851766681e-18
4.356793983444055079e-19
1.554855834458474474e-18
2.366258750641174809e-18
4.436735157452202525e-19
1.638794067167029629e-19
1.358999958138512364e-19
-4.980335140707607663e-18
-2.877882264293320583e-19
3.157676373321837608e-19
-2.150417580819175741e-18
7.194705660733300976e-19
2.598088155264803366e-18
1.331020547235660661e-18
2.126435228616731314e-18
8.793529140896257604e-19
4.037029287411463368e-19
-1.662776419369474008e-18
-1.918588176195547136e-19
-6.395293920651823625e-19
2.278323459232212040e-18
9.273176184945144208e-19
7.234676247737375662e-19
-7.474499769761818964e-19
9.113293836928847389e-19
1.786685239082103223e-18
3.117705786317763885e-19
3.597352830366650729e-20
4.556646918464423695e-19
7.794264465794409712e-19
2.242349930928545400e-18
3.521408715058910318e-18
8.953411488912552497e-19
-3.597352830366650729e-20
1.522879364855215495e-18
6.994852725712931397e-19
2.725994033677839665e-18
1.450932308247882408e-18
1.758705828179251521e-18
2.518146981256655630e-19
2.450196983349729916e-18
-1.598823480162955858e-18
7.394558595753670555e-19
5.675823354578493720e-19
2.326288163637100893e-18
3.761232237083353812e-18
1.131167612215291275e-18
-1.518882306154807978e-19
2.997794025305542234e-19
-4.596617505468498381e-19
2.610079331366025579e-18
7.914176226806631844e-19
-5.755764528586641166e-19
7.434529182757744278e-19
-2.642055800969284557e-18
1.742717593377622032e-18
9.153264423932922075e-19
-7.594411530774039892e-20
1.734723475976807094e-18
1.942570528397991225e-18
5.995588050611084468e-19
2.773958738082728518e-18
2.382246985442804298e-18
1.151152905717328233e-18
9.592940880977735678e-20
-3.501423421556873167e-18
1.678764654171103689e-18
2.869888146892505838e-18
-8.873470314904405051e-19
2.885876381694135328e-18
1.143158788316513489e-18
9.193235010936996761e-19
3.269594016933244610e-18
-7.994117400814779230e-21
-6.315352746643675216e-19
-2.957823438301468511e-19
3.357529308342207186e-19
1.035238203405513955e-18
9.952676164014400390e-19
-3.237617547329985535e-19
9.393087945957366340e-19
1.474914660450326835e-18
-5.276117484537754563e-19
-2.238352872228138124e-19
2.438205807248507703e-18
8.593676205875888026e-19
5.156205723525532430e-19
5.635852767574419034e-19
-2.414223455046063276e-18
1.782688180381695947e-18
-3.869152821994353346e-18
2.917852851297394306e-19
2.278323459232211847e-19
-1.702747006373547923e-18
-1.758705828179251521e-19
-8.153999748831075146e-19
-3.233620488629578356e-18
-2.150417580819175741e-18
-9.393087945957366340e-19
-2.598088155264803366e-18
-4.812458675290497449e-18
-2.658044035770914047e-18
-2.885876381694135328e-18
4.348799866043239564e-18
-5.148211606124717878e-18
-5.240143956234087538e-18
-3.105714610216541671e-18
3.117705786317763885e-19
3.411489600797707146e-18
1.414958779944215961e-18
6.775014497190525439e-19
1.558852893158881942e-18
1.798676415183325244e-19
-4.069005757014722539e-18
2.362261691940767147e-18
-4.596617505468498381e-18
6.609136561123618862e-18
-2.008521996954713205e-18
-3.739248414231113024e-18
-5.507946889161382734e-18
-3.789211647986205515e-18
-1.079205849109995219e-19
-4.128961637520833220e-18
2.438205807248507703e-19
-1.862629354389843394e-18
-2.837911677289246475e-18
-2.833914618588839199e-18
1.734723475976807094e-18
2.358264633240359871e-18
5.316088071541828286e-19
-5.196176310529606153e-19
2.314296987535878680e-18
-1.315032312434031172e-18
5.296102778039790943e-18
-1.478911719150734255e-19
-4.740511618683164169e-18
9.193235010936996761e-19
-7.438526241458151746e-18
-1.670770536770288945e-18
-2.797941090285172655e-19
-4.116970461419611392e-18
-3.073738140613282693e-18
-4.272855750735499779e-18
-6.155470398627379938e-18
-2.821923442487616985e-18
-3.121702845018171161e-18
-2.837911677289246860e-19
4.276852809435906670e-19
-2.841908735989654136e-18
-4.556646918464423695e-19
-1.204313786432746468e-17
-1.239088197126290809e-18
-2.366258750641174809e-18
-1.722732299875584958e-17
-2.694017564074580686e-18
-2.374252868041989361e-18
-1.327023488535253385e-18
-4.220893987630203650e-18
1.358999958138512364e-19
-5.635852767574419419e-18
1.702747006373547923e-18
-4.236882222431832754e-18
-1.191123492721402149e-18
-1.806670532584139989e-18
4.476705744456276248e-19
-1.478911719150734255e-19
3.557382243362576765e-19
-1.590829362762141113e-18
1.255076431927920298e-18
-5.236146897533680840e-19
-2.478176394252581426e-19
-1.251079373227513022e-18
1.131167612215291275e-18
-5.036293962513311261e-19
-4.580629270666868506e-18
2.198382285224064401e-19
1.778691121681288286e-18
6.375308627149786282e-19
-3.797205765387020067e-19
3.235619017979781994e-18
-3.877146939395167994e-19
-3.893135174196797772e-18
-2.785949914183950731e-18
1.275061725429957256e-18
-2.893870499094950265e-18
3.617338123868687831e-19
1.900601412043713671e-18
-1.662776419369474008e-18
-1.422952897345030706e-18
-6.199438044331861515e-18
8.913440901908479737e-19
-1.207111727523031638e-18
-3.605346947767465425e-18
-3.763230766433557450e-18
-3.697279297876835085e-18
1.965553615925333832e-18
1.416957309294419599e-18
-2.682276204142133928e-18
-8.315880626197573483e-18
-3.389255961776690903e-18
-1.717735976500075594e-18
-8.913440901908479737e-19
-2.683025652648460292e-18
-6.595146855672193203e-20
-1.089198495861013770e-19
-7.294632128243485765e-20
-4.596617505468498020e-20
1.002262469127152965e-18
8.993382075916626822e-21
1.299044077632401538e-19
-3.177661666823874951e-19
7.819246082671956150e-19
-1.788683768432306813e-19
7.224683600986356509e-19
7.364580655500615021e-19
6.295367453141638835e-19
5.146213076774514240e-19
5.046286609264329451e-19
3.197646960325911692e-20
4.017043993909426507e-19
1.832651414136788053e-18
1.663775684044576019e-18
4.166933695174703691e-19
1.419955103319725249e-18
3.917117526399241717e-19
5.326080718292846476e-19
-1.898602882693510033e-19
1.086200701835708072e-18
9.093308543426811009e-19
5.815720409092752232e-19
7.574426237272003753e-19
-8.593676205875887785e-20
1.273063196079753618e-18
2.957823438301468511e-19
5.396029245549975732e-19
9.253190891443107828e-19
1.646788184567844518e-18
1.912592588144935885e-18
6.994852725712931638e-20
3.277588134334059259e-19
1.582835245361326369e-18
1.279058784130364725e-18
-2.278323459232211847e-19
1.119176436114069062e-19
-4.566639565215442848e-19
1.898602882693510033e-19
2.987801378554523562e-19
-1.998529350203694823e-19
7.994117400814779531e-20
1.682761712871510965e-18
-1.339014664636475502e-19
6.075529224619231914e-19
8.293896803345333658e-20
4.946360141754144662e-19
1.454929366948289877e-18
1.066215408333671114e-18
7.154735073729227253e-19
4.796470440488867959e-19
1.219102903624253851e-19
6.595146855672193203e-20
1.454929366948289877e-18
-6.834970377696636505e-19
6.814985084194599162e-19
-7.174720367231264596e-19
1.105186730662643211e-18
1.450932308247882408e-18
6.994852725712931397e-19
1.946567587098398886e-18
1.638794067167029629e-19
1.998529350203694883e-20
1.199117610122216960e-20
1.606817597563770603e-18
-3.597352830366650729e-20
1.490902895251956324e-18
-1.594826421462548389e-18
-3.197646960325911692e-20
6.035558637615158191e-19
-1.159147023118142978e-18
-7.434529182757744278e-19
2.789946972884358007e-18
1.818661708685362202e-18
-1.151152905717328233e-18
7.994117400814779230e-21
-1.394973486442179003e-18
5.396029245549975732e-19
-4.516676331460349972e-19
2.198382285224064209e-18
3.185655784224689503e-18
-2.098455817713879612e-18
5.795735115590714889e-19
-3.837176352391094271e-19
2.334282281037915445e-18
-5.619864532772789544e-18
2.022511702406139056e-18
-2.813929325086802433e-18
6.715058616684414373e-19
-5.356058658545902394e-18
-3.029770494908801501e-18
1.750711710778436584e-18
-1.215105844923846383e-18
4.956352788505162852e-19
-6.555176268668118517e-19
3.453458717151984700e-18
1.638794067167029774e-18
3.773223413184575640e-18
-1.454929366948289877e-18
1.199117610122216894e-18
1.271064666729549980e-18
-4.332811631241610460e-18
-1.758705828179251521e-19
-2.957823438301468511e-19
1.918588176195547184e-18
4.276852809435907055e-18
-5.356058658545902009e-19
-2.102452876414286888e-18
1.710741123774362668e-18
-2.462188159450952129e-18
1.846641119588213904e-18
-1.502894071353178537e-18
3.037764612309616053e-18
-2.662041094471321323e-18
-7.434529182757744278e-19
5.595882180570345311e-19
7.098776251923524040e-18
1.111182318713254317e-18
-2.630064624868062344e-18
7.034823312717006084e-19
-5.915646876602937021e-19
-4.444729274853017270e-18
-3.909123408998426876e-18
-3.117705786317763885e-18
4.876411614497015406e-19
-2.406229337645248724e-18
-3.085729316714504906e-18
-4.164935165824500245e-18
6.075529224619231914e-19
-2.102452876414286888e-18
-2.214370520025693698e-18
-2.054488172009398420e-18
1.774694062980881010e-18
7.994117400814779230e-21
2.678029329272951197e-18
-6.395293920651823384e-20
-3.133694021119393374e-18
1.454929366948289877e-18
1.598823480162955846e-20
-2.198382285224064209e-18
-1.938573469697583949e-18
1.834649943486991691e-18
-2.482173452952988894e-18
-4.188917518026944672e-18
-2.510152863855840597e-18
1.974546998001250589e-18
9.512999706969586546e-19
7.322611539146337660e-18
-4.884405731897829958e-18
-1.446935249547475132e-18
-7.674352704782188542e-19
2.230358754827323572e-18
5.787740998189900530e-18
1.646788184567844518e-18
-8.169987983632704827e-18
-4.108976344018796840e-18
-1.358999958138512556e-18
5.995588050611084468e-19
-5.555911593566271587e-18
-4.580629270666868506e-18
1.918588176195547136e-19
-5.475970419558123756e-18
7.994117400814779290e-19
4.348799866043239564e-18
4.596617505468498381e-18
-1.023247027304291741e-18
-9.033352662920699943e-19
-3.349535190941392442e-18
-5.843699819995603935e-18
-7.194705660733301457e-20
4.164935165824500245e-18
-5.356058658545902394e-18
4.716529266480719550e-19
-4.212899870229388328e-18
9.512999706969586546e-19
4.692546914278275316e-18
-3.173664608123467290e-18
-1.343011723336882875e-18
-2.678029329272951197e-18
-4.676558679476646212e-18
-3.457455775852391976e-18
-3.797205765387020067e-18
-5.955617463607010745e-19
4.316823396439980874e-19
-5.635852767574419034e-19
3.309564603937318526e-18
-3.197646960325911692e-20
-1.474914660450326835e-18
1.279058784130364725e-18
4.164935165824500245e-18
1.199117610122216894e-18
-3.125699903718578822e-18
5.755764528586641166e-19
4.388770453047313865e-18
2.606082272665617918e-18
2.494164629054211108e-18
-6.779011555890932715e-18
-2.654046977070506771e-18
-6.635117442676266926e-19
-3.069741081912875417e-18
-5.995588050611084275e-18
-1.239088197126290809e-18
-5.731782176384196354e-18
-1.902599941393917309e-18
3.013782260107171627e-18
-5.779746880789085207e-18
-7.714323291786261495e-18
-2.586096979163581152e-18
2.638058742268877281e-19
1.039235262105921255e-19
2.598088155264803077e-19
-5.196176310529606274e-20
-3.957088113403315922e-19
-4.108976344018796840e-18
1.670770536770288945e-18
6.115499811623305637e-19
-4.156941048423685019e-19
1.121174965464272700e-18
3.909123408998426876e-18
1.223099962324661127e-18
-1.962555821900028375e-18
-1.197119080772013256e-18
-1.490902895251956324e-18
-4.124964578820425944e-18
4.374780747595887629e-18
1.041233791456125061e-18
-1.930579352296769012e-18
2.652048447720303133e-18
-4.224891046330610926e-18
3.247610194081004207e-18
-2.708007269526006538e-18
-7.994117400814779531e-20
2.230358754827323572e-18
2.384245514793007936e-18
8.173985042333111526e-19
1.113180848063457955e-18
-1.638794067167029629e-19
2.668036682521932622e-18
-1.746714652078029308e-18
-4.576632211966461038e-19
-4.746507206733775083e-18
-1.916589646845343161e-18
2.414223455046063276e-18
1.752710240128640222e-18
-1.810667591284547650e-18
1.856633766339232480e-18
-2.558117568260729354e-19
1.019249968603884273e-18
3.397499895346281391e-19
-5.376043952047939352e-19
-1.510888188753993282e-18
-8.213955629337185249e-19
-2.018514643705731684e-19
-3.757235178382946343e-19
-7.534455650267929067e-19
-4.021041052609833686e-18
-6.195440985631453565e-20
-9.033352662920699943e-19
8.233940922839222592e-19
-1.117177906763865424e-18
1.684760242221714796e-18
1.119176436114069062e-19
-3.397499895346281295e-18
-1.918588176195547184e-18
-1.131167612215291275e-18
-2.741982268479469154e-18
-2.686023446673765749e-18
1.878617589191473172e-19
3.957088113403315922e-19
-2.018514643705731780e-18
-7.154735073729227253e-19
-3.421482247548725336e-18
-8.153999748831075146e-19
5.675823354578493720e-19
-7.274646834741449385e-19
-3.797205765387020067e-19
-2.706008740175802900e-18
-1.578838186660918804e-19
-1.287052901531179470e-18
2.428213160497489031e-19
-3.291577839785485399e-18
-1.769697739605371915e-18
-1.664774948719677838e-18
1.478911719150734255e-19
-2.859895500141487263e-18
-1.175135257919772467e-18
-2.270329341831397488e-18
-4.132958696221240496e-18
-5.739776293785011677e-18
1.998529350203694823e-19
-5.483964536958938308e-18
-2.078470524211842461e-18
-5.028299845112496516e-18
1.478911719150734111e-18
-2.326288163637100893e-18
3.709270473978057683e-18
3.397499895346281295e-18
4.548652801063609528e-18
2.206376402624879146e-18
-1.072810555189343389e-17
-2.406229337645248724e-18
-2.158411698219990437e-19
-6.906917434303969399e-18
2.398235220244433980e-19
0.000000000000000000e+00
-1.658779360669066693e-17
-1.354203487698023633e-17
-8.593676205875888411e-18
-6.371311568449379006e-18
4.564641035865238632e-18
-9.528987941771217191e-18
-2.018514643705731703e-17
-1.004860557282417694e-17
-6.155470398627379938e-18
-4.029035170010649009e-18
-9.664887937585067657e-18
-6.699070381882784883e-18
-5.775749822088677931e-18
-7.938158579009075115e-18
-2.167205227360886685e-17
-2.094458759013472336e-18
-3.621335182569095300e-18
6.503214505562822966e-18
-6.267388042238786748e-18
-4.586624858717479420e-18
-1.305039665683012789e-18
-4.292841044237536159e-18
-2.947830791550450032e-18
1.618808773664992816e-18
2.204377873274675508e-18
-4.112973402719204116e-18
1.386979369041364259e-18
-1.578838186660918900e-18
6.854955671198672885e-19
-2.997794025305542475e-20
8.193970335835148869e-19
2.773958738082728518e-18
1.860630825039639756e-18
-3.217632253827948674e-19
3.239616076680189270e-18
2.817926383787209517e-19
1.500895542002974707e-18
2.829917559888431923e-18
2.168404344971008868e-18
7.914176226806631844e-19
2.634061683568469620e-18
2.532136686708081385e-18
-5.795735115590715130e-20
1.325024959185049747e-18
1.337016135286271768e-18
-1.398970545142586279e-18
3.413488130147910784e-18
1.598823480162955858e-18
1.155149964417735509e-18
1.578838186660918900e-18
3.165670490722652738e-18
2.378249926742396637e-18
9.433058532961439100e-19
3.153679314621430524e-18
4.484699861857090800e-18
3.917117526399241717e-19
-2.418220513746470552e-18
4.568638094565646678e-18
1.670770536770288945e-18
3.717264591378872139e-19
3.877146939395167898e-18
2.390241102843618850e-18
1.750711710778436584e-18
1.470917601749919366e-18
2.901864616495764817e-18
1.942570528397991225e-18
3.977073406905352880e-18
-9.393087945957366340e-19
2.873885205592913114e-18
-1.794679356482917775e-18
4.704538090379497915e-18
5.208167486630828559e-18
-5.076264549517384599e-18
1.271064666729549980e-18
-4.352796924743647610e-18
-4.528667507561572377e-18
2.130432287317138590e-18
1.778691121681288286e-18
3.921114585099649475e-18
2.622070507467247407e-18
1.718735241175177605e-18
3.325552838738948015e-18
9.592940880977735678e-20
1.031241144705106486e-17
4.884405731897829958e-18
2.686023446673765749e-18
-3.077735199313690162e-19
-3.089726375414912182e-18
2.586096979163581152e-18
3.121702845018171161e-18
-2.913855792596987030e-18
1.047229379506736168e-18
-2.430211689847692766e-18
9.580949704876513320e-18
4.604611622869312933e-18
2.654046977070506771e-18
6.087520400720454705e-18
3.597352830366650873e-18
-2.066479348110620248e-18
-2.102452876414286888e-18
5.248138073634902860e-18
2.258338165730175275e-18
-4.476705744456276248e-19
-1.766699945580066073e-18
2.993796966605134862e-18
3.169667549423060014e-18
3.889138115496389726e-18
6.339335098846120027e-18
6.107505694222491085e-18
5.016308669011273918e-18
-2.334282281037915445e-18
6.315352746643675216e-19
-2.590094037863988428e-18
6.119496870323713683e-18
1.478911719150734111e-18
2.270329341831397488e-18
5.040291021213718344e-18
-4.976338082007200387e-18
-3.597352830366650729e-20
5.531929241363827161e-18
3.085729316714504906e-18
3.521408715058910318e-18
5.212164545331235835e-18
-2.957823438301468511e-19
5.076264549517384984e-19
2.110446993815101825e-18
1.303041136332808959e-18
3.853164587192723471e-18
1.890608765292695481e-18
5.995588050611084949e-20
8.142008572729852355e-18
2.270329341831397488e-18
6.055543931117194956e-18
7.242670365138190599e-18
-3.277588134334059259e-19
1.078806143239954457e-17
5.475970419558123756e-18
4.300835161638351482e-18
1.894605823993102757e-18
6.003582168011898827e-18
7.162729191130041997e-18
-4.716529266480719550e-19
-6.874940964700710228e-19
2.773958738082728518e-18
5.547917476165457035e-18
4.013046935209019134e-18
1.582835245361326369e-18
5.795735115590715082e-18
9.353117358953291654e-19
-1.710741123774362668e-18
-3.249608723431207845e-18
2.158411698219990293e-18
2.989799907904727585e-18
5.995588050611084468e-19
2.398235220244433980e-19
-1.187126434020994680e-18
2.777955796783135794e-18
4.180923400626129349e-18
2.302305811434656466e-18
2.362261691940767147e-18
4.076999874415537091e-18
-3.597352830366650873e-18
8.533720325369776189e-18
9.353117358953291654e-19
7.114764486725153530e-19
7.214690954235338126e-18
3.533399891160132146e-18
2.446199924649322255e-18
1.726729358575992350e-18
2.442202865948914979e-18
5.396029245549975732e-19
-1.095194083911624828e-18
1.386979369041364259e-18
3.765229295783761088e-18
3.777220471884982916e-18
-3.997058700407389615e-21
1.438941132146660195e-18
1.674767595470696221e-18
7.974132107312742140e-18
-1.774694062980881010e-18
-1.918588176195547184e-18
1.335017605936068130e-18
-3.357529308342207186e-19
4.852429262294570979e-18
6.547182151267304543e-18
7.594411530774040133e-19
1.694752888972733179e-18
9.121287954329662712e-18
4.228888105031018202e-18
3.105714610216541671e-18
3.887139586146186088e-18
3.797205765387019946e-20
6.347329216246934579e-18
-3.825185176289871769e-18
3.235619017979781994e-18
1.187126434020994680e-18
3.145685197220615587e-18
1.878617589191473268e-18
1.063217614308365657e-18
3.113708727617356609e-18
1.139161729616106020e-18
7.194705660733301457e-20
1.774694062980881010e-18
5.020305727711681194e-18
1.167141140518957722e-18
-8.793529140896257604e-20
3.197646960325911812e-19
1.590829362762141113e-18
4.524670448861165101e-18
3.581364595565020999e-18
2.166405815620805230e-18
5.563905710967086139e-18
1.686758771571918434e-18
1.630799949766215029e-18
2.634061683568469620e-18
-3.837176352391094271e-19
7.514470356765892687e-19
1.255076431927920298e-18
-1.550858775758067198e-18
1.822658767385769478e-18
1.382982310340956790e-18
3.569373419463799171e-18
-2.290314635333434253e-18
2.925846968698209243e-18
2.949829320900653670e-18
1.600822009513159496e-18
3.357529308342207379e-18
-1.854635236989028842e-18
1.498897012652771117e-19
3.201644019026318992e-18
9.073323249924774629e-19
4.604611622869312933e-18
9.592940880977735919e-19
1.454929366948289877e-18
-2.702011681475395238e-18
-6.994852725712931397e-19
-9.712852641989956125e-19
1.458926425648697153e-18
5.875676289598862335e-19
-1.159147023118142978e-18
-3.425479306249132997e-18
-2.246346989628953061e-18
1.838647002187399208e-19
-1.454929366948289877e-18
2.158411698219990437e-19
-1.870623471790658331e-18
-1.438941132146660195e-18
-1.470917601749919366e-18
-2.334282281037915445e-18
-1.542864658357252453e-18
-2.262335224430582551e-18
1.103188201312439573e-18
8.233940922839222592e-19
-2.398235220244433980e-19
-1.702747006373547923e-18
-9.457040885163883141e-18
-8.737570319090553429e-18
1.598823480162955858e-18
-3.789211647986205515e-18
-4.053017522213093435e-18
-6.171458633429009812e-18
-5.507946889161382734e-18
-2.078470524211842510e-19
-1.910594058794732246e-18
-6.810988025494191693e-18
-2.877882264293320390e-18
-1.838647002187399208e-19
-5.723788058983381802e-18
-9.968664398816029879e-18
-2.110446993815101825e-18
-6.906917434303969399e-18
-1.454129955208208306e-17
-5.555911593566271587e-18
-6.419276272854267859e-18
-9.856746755204623069e-18
-5.939629228805380870e-18
-7.826240935397668305e-18
-3.949093996002501177e-18
-8.809517375697887479e-18
-4.180923400626129349e-18
-3.077735199313689969e-18
-5.771752763388270655e-18
-5.571899828367901462e-18
-7.754293878790335989e-19
-1.950564645798806162e-18
-9.457040885163883141e-18
-4.692546914278275316e-18
-6.355323333647749131e-18
-1.119176436114069062e-18
-1.203914080562705740e-17
-7.090782134522709488e-18
-2.630064624868062344e-18
-4.132958696221240496e-18
-9.113293836928847389e-19
-2.030505819806953994e-18
-3.357529308342207379e-18
-5.699805706780937376e-18
-7.194705660733300976e-19
-1.526876423555622771e-18
-4.412752805249758291e-18
-5.028299845112496516e-18
1.351005840737697619e-18
2.813929325086802433e-18
-3.973076348204945604e-18
-2.406229337645248724e-18
1.007258792502662252e-18
-4.236882222431832947e-19
2.158411698219990437e-19
-4.092988109217166966e-18
1.295047018931994214e-18
1.207111727523031638e-18
3.453458717151984700e-18
-2.765964620681913580e-18
3.117705786317763885e-18
-4.396764570448128417e-18
-9.592940880977735678e-20
5.180188075727976857e-18
3.485435186755244063e-18
-1.223099962324661127e-18
3.061746964512060480e-18
1.830652884786584415e-18
3.157676373321837800e-18
8.593676205875888411e-18
4.236882222431832754e-18
1.630799949766215029e-18
2.078470524211842461e-18
-4.268858692035091733e-18
5.348064541145087072e-18
3.525405773759317594e-18
-2.893870499094950265e-18
4.276852809435907055e-18
4.860423379695385531e-18
-6.235411572635527769e-19
5.515941006562198057e-18
-1.055223496907550913e-18
8.074058574822926736e-19
-1.438941132146660195e-18
3.565376360763391895e-18
-2.206376402624879146e-18
6.235411572635527769e-18
1.231094079725476065e-18
1.454929366948289877e-18
3.037764612309615957e-19
-3.197646960325911716e-18
3.885141056795982450e-18
8.433793857859592748e-18
-3.197646960325911692e-20
8.633646792879961749e-19
3.829182234990279045e-18
5.124229253922273452e-18
3.837176352391094271e-19
2.374252868041989361e-18
-6.395293920651823384e-20
3.981070465605760156e-18
9.273176184945144208e-19
-2.238352872228138124e-19
4.220893987630203650e-18
-2.102452876414286888e-18
4.300835161638351482e-18
-1.119176436114069062e-18
-1.654782301968659263e-18
7.314617421745523108e-18
5.587888063169530566e-18
-2.765964620681913580e-18
9.992646751018473150e-19
8.345858566450629594e-18
-2.422217572446878214e-18
-3.621335182569095300e-18
7.066799782320264292e-18
6.395293920651823625e-19
-5.132223371323088004e-18
2.222364637426508635e-18
-5.755764528586641166e-19
-5.316088071541828093e-18
-1.438941132146660195e-18
1.143958200056594905e-17
-7.674352704782188542e-19
8.209958570636777588e-18
5.220158662732051158e-18
9.656893820184253105e-18
3.197646960325911716e-18
1.550858775758067198e-18
3.797205765387020067e-18
-7.258658599939819703e-18
6.547182151267304543e-18
5.867682172198047591e-18
5.771752763388270655e-18
1.558852893158881942e-18
1.170338787479283697e-17
2.965817555702283159e-18
6.075529224619232106e-18
3.413488130147910784e-18
6.235411572635527769e-18
1.039235262105921231e-18
5.915646876602936444e-18
-3.221629312528356143e-18
1.974546998001250589e-18
1.005659969022499303e-17
3.661305769573168830e-18
7.034823312717006084e-19
-1.918588176195547136e-19
4.732517501282349617e-18
-5.595882180570345118e-18
-2.046494054608583483e-18
3.677294004374798416e-19
7.194705660733300976e-19
5.995588050611084275e-18
9.640905585382624001e-18
9.113293836928848160e-18
2.030505819806953994e-18
-2.861894029491690901e-18
1.167141140518957722e-18
-1.263070549328735043e-18
6.954882138708857482e-18
4.500688096658720675e-18
2.350270515839544934e-18
1.231893491465557443e-17
-4.572635153266053954e-18
6.946888021308042930e-18
-2.558117568260729450e-18
5.539923358764641713e-18
-7.434529182757744278e-19
1.486905836551548856e-18
5.276117484537754563e-18
1.231094079725476065e-18
1.420554662124786263e-17
1.311035253733623703e-18
3.021776377507986564e-18
1.406964662543401217e-18
1.103188201312439573e-18
-3.301570486536503974e-18
-2.821923442487616985e-18
1.662776419369474008e-18
1.982541115402065141e-18
1.039235262105921231e-18
-1.159147023118142978e-18
3.389505777945466357e-18
1.127170553514883807e-18
1.566847010559696687e-18
1.442938190847067625e-17
-3.805199882787834619e-18
1.255076431927920298e-18
6.699070381882784883e-18
8.617658558078332067e-18
1.470917601749919366e-18
4.348799866043239564e-18
2.222364637426508635e-18
-1.774694062980881010e-18
-3.533399891160132146e-18
5.196176310529606731e-18
6.858952729899080546e-18
4.037029287411463561e-18
9.848752637803808517e-18
1.878617589191473037e-17
3.133694021119393374e-18
7.466505652361004219e-18
-5.220158662732051158e-18
9.457040885163883141e-18
5.515941006562198057e-18
7.706329174385446943e-18
6.147476281226565386e-18
5.899658641801307340e-18
9.121287954329662712e-18
1.076008202149669210e-17
1.432545838226008399e-17
1.157548199637980106e-17
-7.354588008749596831e-19
5.707799824181752698e-18
-3.341541073540577890e-18
9.768811463795659915e-18
5.404023362950790477e-18
-1.646788184567844518e-18
-6.251399807437157644e-18
7.418540947956115366e-18
1.231094079725476065e-18
2.014517585005324504e-18
7.634382117778114434e-18
7.306623304344708556e-18
7.530458591567522176e-18
6.099511576821676533e-18
-5.531929241363827161e-18
8.409811505657147551e-18
4.740511618683164169e-18
9.976658516216844431e-18
1.114379965673580292e-17
-1.598823480162955906e-19
7.466505652361004219e-18
3.629329299969909852e-18
-6.075529224619231914e-19
3.437470482350355210e-18
-3.781217530585390962e-18
2.702011681475395238e-18
2.342276398438730382e-18
7.834235052798484398e-18
1.414958779944215961e-18
9.856746755204623069e-18
1.007258792502662252e-18
-5.883670406999677465e-18
9.177246776135366117e-18
9.129282071730477264e-18
-1.742717593377622032e-18
5.755764528586641166e-19
1.239088197126290848e-17
5.659835119776863845e-18
-2.126435228616731314e-18
-1.007258792502662252e-18
2.094458759013472336e-18
2.757970503281099028e-18
-2.877882264293320583e-19
5.755764528586640781e-18
-2.430211689847692766e-18
-4.844435144893756427e-18
9.289164419746772927e-18
3.893135174196797772e-18
1.266268196289061095e-17
2.262335224430582551e-18
-3.757235178382946536e-18
4.396764570448128417e-18
1.418156426904541898e-17
-3.429476364949540273e-18
3.101717551516134395e-18
1.171937610959446608e-17
1.141559964836350540e-17
6.091517459420861981e-18
8.473764444863665894e-19
1.456528190428452672e-17
8.633646792879961171e-18
-5.435999832554049455e-19
-2.494164629054211108e-18
-5.196176310529606153e-19
-4.524670448861165101e-18
-3.437470482350355210e-18
-6.395293920651823625e-19
1.226297609284987102e-17
-1.167141140518957722e-18
-2.638058742268877281e-18
2.094458759013472336e-18
1.008857615982825124e-17
-3.637323417370724404e-18
9.968664398816029879e-18
1.341412899856719887e-17
-1.438941132146660195e-18
1.950564645798806162e-17
-7.834235052798483435e-19
6.475235094659971264e-18
-3.037764612309615957e-19
1.290250548491505367e-17
1.074409378669506300e-17
5.595882180570345118e-18
-9.473029119965513786e-18
-3.181658725524282227e-18
7.234676247737374506e-18
1.524478188335378521e-17
4.076999874415537091e-18
3.293576369135689037e-18
-1.175135257919772467e-18
4.556646918464424080e-18
-1.007258792502662252e-18
5.747770411185826229e-18
5.915646876602937021e-19
-1.966552880600435651e-18
1.087199966510809891e-18
1.287852313271261002e-17
9.273176184945144208e-19
-1.902599941393917309e-18
8.153999748831074183e-18
-1.311035253733623703e-18
1.199117610122216855e-17
6.395293920651823384e-20
1.028043497744780665e-17
2.941835203499838733e-18
5.435999832554049455e-19
-4.252870457233462629e-18
2.030505819806953994e-18
7.274646834741448807e-18
1.008857615982825124e-17
1.034438791665432461e-17
9.065329132523959307e-18
-2.254341107029767613e-18
-1.598823480162955858e-18
-4.692546914278275316e-18
1.127969965254965339e-17
9.361111476354106976e-18
5.180188075727976857e-18
2.717999916277025113e-18
9.497011472167957442e-18
-2.781952855483543070e-18
7.834235052798484398e-18
-1.550858775758067198e-18
-1.151152905717328233e-18
7.010840960514560887e-18
8.569693853673443214e-18
6.715058616684414758e-18
6.203435103032268791e-18
-1.806670532584139989e-18
-7.306623304344708556e-18
1.048828202986898963e-17
4.460717509654647144e-18
-4.796470440488867959e-19
-1.055223496907550913e-18
4.428741040051387395e-18
4.124964578820425944e-18
3.277588134334059547e-18
3.437470482350355210e-18
-2.749976385880284091e-18
8.313882096847369845e-18
1.918588176195547184e-18
-2.110446993815101825e-18
-1.582835245361326369e-18
4.140952813622055819e-18
1.096792907391787662e-17
1.191123492721402149e-17
4.556646918464424080e-18
8.633646792879961749e-19
-1.582835245361326369e-18
1.918588176195547184e-18
1.462923484349104622e-17
3.741246943581316662e-18
2.813929325086802433e-18
2.542129333459099961e-18
6.874940964700710421e-18
-7.354588008749596831e-19
-9.528987941771217191e-18
6.395293920651823432e-18
5.276117484537754563e-19
-7.674352704782188542e-19
3.965082230804130281e-18
9.049340897722330203e-18
2.174399933021619782e-18
1.822658767385769478e-18
2.174399933021619782e-18
1.091996436951298776e-17
6.395293920651823432e-18
5.324082188942642645e-18
-2.094458759013472336e-18
-7.178717425931671102e-18
9.928693811811955578e-18
8.761552671292998626e-18
1.263070549328735043e-18
5.196176310529606731e-18
8.153999748831075146e-19
-3.965082230804130281e-18
-2.638058742268877281e-18
1.135164670915698744e-18
1.128769376995046794e-17
-6.075529224619232106e-18
-6.810988025494191693e-18
5.100246901719829025e-18
-3.501423421556873167e-18
4.076999874415537091e-18
-3.965082230804130281e-18
4.300835161638351482e-18
4.508682214059535227e-18
1.918588176195547136e-19
-3.261599899532430058e-18
7.354588008749596831e-19
1.175135257919772583e-17
-4.188917518026944672e-18
-2.558117568260729450e-18
1.143158788316513450e-17
6.699070381882784883e-18
3.581364595565020999e-18
9.273176184945143823e-18
1.662776419369474008e-18
5.324082188942642645e-18
9.065329132523959307e-18
-6.075529224619231914e-19
3.997058700407389645e-19
1.082403496070321160e-17
7.322611539146337660e-18
9.161258541333737013e-18
-1.438941132146660291e-19
2.574105803062358939e-18
5.755764528586641166e-19
1.272663490209712891e-17
6.171458633429009812e-18
1.050427026467062027e-17
7.034823312717006084e-19
2.046494054608583483e-18
1.247082314527105554e-17
8.153999748831075146e-19
-5.627858650173604867e-18
1.490103483511874715e-17
4.220893987630203650e-18
1.199117610122216894e-18
-9.592940880977735678e-20
1.131967023955372769e-17
2.989799907904727585e-18
-6.075529224619231914e-19
4.029035170010649009e-18
-2.158411698219990293e-18
-2.094458759013472336e-18
2.070476406811027832e-17
9.481023237366328338e-18
1.565248187079533661e-17
-1.598823480162955858e-18
-6.171458633429009812e-18
-4.796470440488867959e-19
9.209223245738625866e-18
-2.302305811434656466e-18
1.422952897345030706e-18
7.434529182757744470e-18
3.629329299969909852e-18
-1.119176436114069062e-19
1.517283482674645116e-17
8.537717384070183465e-18
1.245483491046942643e-17
1.518882306154808027e-18
-3.837176352391094271e-19
9.528987941771217191e-18
5.611870415371974992e-18
3.101717551516134395e-18
1.343011723336882875e-18
3.197646960325911716e-18
1.344610546817045862e-17
8.569693853673443214e-18
-1.598823480162955906e-19
6.555176268668118517e-19
1.306238783293134934e-17
8.537717384070183465e-18
2.733988151078654602e-18
5.244141014934494814e-18
1.136763494395861654e-17
2.893870499094950265e-18
3.421482247548725336e-18
9.177246776135366117e-18
6.043552755015973128e-18
8.729576201689738877e-18
5.595882180570345311e-19
3.597352830366650873e-18
-3.181658725524282227e-18
-6.363317451048564454e-18
2.222364637426508635e-18
2.190388167823249656e-18
2.030505819806953994e-18
1.162344670078468837e-17
5.132223371323088004e-18
1.141559964836350540e-17
-1.806670532584139989e-18
4.780482205687237700e-18
6.171458633429009812e-18
5.915646876602937021e-19
5.707799824181752698e-18
9.097305602127219056e-18
1.130368200475209859e-17
6.731046851486043862e-18
1.040834085586084257e-17
1.060019967348039798e-17
6.842964495097450672e-18
9.433058532961439100e-19
6.043552755015973128e-18
6.107505694222491085e-18
-4.428741040051387395e-18
-4.860423379695385531e-18
1.219902315364335307e-17
1.451731719987963941e-17
1.371790545979816109e-17
7.034823312717006084e-19
1.307038195033216389e-17
5.228152780132865710e-18
-3.837176352391094271e-19
1.226297609284987102e-17
3.237617547329985632e-18
1.382982310340956790e-18
-3.405494012747095847e-18
-6.874940964700710228e-19
1.028842909484862120e-17
1.095194083911624828e-18
4.053017522213093435e-18
8.905446784507663644e-18
6.986858608312117231e-18
2.550123450859914513e-18
1.934576410997176673e-18
7.266652717340634255e-18
-1.291049960231586823e-17
-8.641640910280775723e-18
1.668372301550044464e-17
4.612605740270127485e-18
1.155949376157817041e-17
6.099511576821676533e-18
1.934576410997176673e-18
7.530458591567522176e-18
1.175135257919772467e-18
1.287052901531179470e-18
4.948358671104348685e-18
2.590094037863988428e-18
-3.325552838738948015e-18
9.776805581196474467e-18
5.587888063169530566e-18
-4.156941048423685019e-19
-2.869888146892505838e-18
-6.555176268668119095e-18
9.281170302345958375e-18
2.686023446673765749e-18
4.636588092472572104e-19
-1.219902315364335307e-17
2.238352872228138124e-18
1.053624673427387848e-17
1.374988192940142046e-18
3.749241060982131214e-18
8.289899744644926189e-18
7.482493887162633323e-18
6.890929199502339525e-18
-2.582099920463173876e-18
5.699805706780937376e-18
6.499217446862415690e-18
7.546446826369151280e-18
2.694017564074580686e-18
1.329421723755497751e-17
1.518882306154808027e-18
1.998529350203694630e-18
7.290635069543077911e-18
5.523935123963012609e-18
6.371311568449379006e-18
1.486905836551548856e-18
4.380776335646499313e-18
-4.580629270666868506e-18
4.388770453047313865e-18
2.574105803062358939e-18
-5.404023362950790477e-18
2.006523467604509567e-18
2.030505819806953994e-18
4.076999874415537573e-19
3.933105761200871303e-18
1.402168192102912177e-17
3.261599899532430058e-18
1.325424665055090321e-17
1.203914080562705740e-17
6.595146855672192626e-18
-6.755029203688488288e-18
6.946888021308042930e-18
4.556646918464423695e-19
6.699070381882784883e-18
5.004317492910052090e-18
7.370576243551226513e-18
3.501423421556873167e-18
5.012311610310866642e-18
-1.590829362762141113e-18
1.515684659194482206e-17
5.316088071541828093e-18
-2.582099920463173876e-18
-1.087199966510809891e-18
3.709270473978057683e-18
6.898923316903154847e-18
2.038499937207768546e-18
4.260864574634277181e-18
4.156941048423684923e-18
4.980335140707607663e-18
9.856746755204623069e-18
1.263070549328735043e-18
1.878617589191473268e-18
3.197646960325911812e-19
9.592940880977735919e-19
1.718735241175177605e-18
-6.067535107218417554e-18
5.907652759202121892e-18
-2.062482289410212972e-18
2.518146981256655534e-18
1.673968183730614650e-17
3.165670490722652738e-18
-3.997058700407389645e-19
1.290250548491505367e-17
1.074409378669506300e-17
-1.710741123774362668e-18
6.051546872416787680e-18
4.652576327274201786e-18
2.110446993815101825e-18
5.356058658545902009e-19
1.308637018513379299e-17
1.017651145123721439e-17
-3.757235178382946536e-18
4.756499853484793273e-18
6.707064499283599435e-18
3.461452834552799252e-18
9.193235010936996761e-19
-2.422217572446878214e-18
9.616923233180178804e-18
8.745564436491367981e-18
9.512999706969586546e-18
-8.393823270855518447e-18
4.548652801063609528e-18
5.140217488723903326e-18
7.170723308530856550e-18
1.279058784130364677e-19
-4.228888105031018202e-18
5.907652759202121892e-18
5.691811589380122824e-18
5.451988067355679330e-18
1.080005260850076640e-17
5.867682172198047591e-18
-5.108241019120643577e-18
-3.197646960325911716e-18
1.075208790409587755e-17
1.434144661706171310e-17
9.784799698597289019e-18
5.388035128149161373e-18
1.076008202149669210e-17
1.085601143030646981e-17
-1.870623471790658331e-18
3.173664608123467290e-18
-5.651841002376049293e-18
1.263869961068816575e-17
1.129568788735128249e-17
1.191123492721402149e-18
2.989799907904727585e-18
2.805935207685987496e-18
-6.563170386068933647e-18
3.693282239176427809e-18
-2.566111685661544002e-18
6.794999790692562589e-18
-3.781217530585390962e-18
7.906182109405816907e-18
-5.180188075727976857e-18
1.125571730034720973e-17
-1.358999958138512556e-18
2.989799907904727585e-18
3.373517543143836868e-18
2.710005798876210176e-18
3.325552838738948015e-18
-4.116970461419611392e-18
-2.670035211872136260e-18
1.295047018931994253e-17
5.739776293785011677e-18
1.151152905717328233e-18
1.998529350203694630e-18
-5.627858650173604867e-18
3.797205765387020067e-18
8.505740914466925257e-18
3.037764612309616053e-18
4.652576327274201786e-18
3.957088113403315729e-18
7.498482121964262427e-18
5.707799824181752698e-18
1.072810555189343389e-17
8.873470314904405436e-18
-8.305887979446555293e-18
1.234291726685801962e-17
1.830652884786584415e-18
6.627123325275451604e-18
6.283376277040416622e-18
9.169252658734551565e-18
6.419276272854267859e-18
8.034087987818852821e-18
3.589358712965835551e-18
5.164199840926347753e-18
5.340070423744272520e-18
-3.045758729710430990e-18
2.885876381694135328e-18
9.896717342208697370e-18
8.561699736272628662e-18
3.509417538957687719e-18
4.013046935209019134e-18
1.298244665892320074e-17
-2.518146981256655534e-18
-6.994852725712931783e-18
1.672369360250451740e-17
9.936687929212770130e-18
6.011576285412714149e-18
-9.672882054985883365e-19
-4.108976344018796840e-18
1.171138199219365153e-17
4.252870457233462629e-18
-7.082788017121894936e-18
1.262271137588653665e-17
-6.483229212060785816e-18
-5.028299845112496516e-18
1.367793487279408679e-17
1.256675255408083324e-17
1.374988192940142084e-17
-4.956352788505163237e-18
8.529723266669368913e-18
-1.550858775758067198e-18
3.461452834552799252e-18
4.884405731897829958e-18
1.036837026885676827e-17
1.038435850365839891e-17
1.328622312015416296e-17
8.465770327462850956e-18
-3.861158704593538024e-18
-3.613341065168279977e-18
-2.254341107029767613e-18
-2.550123450859914513e-18
4.900393966699459832e-18
1.565248187079533661e-17
2.182394050422434719e-18
1.454929366948289877e-18
7.562435061170781925e-18
-5.276117484537754563e-19
-2.797941090285172655e-19
2.598088155264803366e-18
1.043232320806328622e-17
2.158411698219990293e-18
6.235411572635527769e-18
2.118441111215916377e-18
1.598823480162955906e-19
-2.398235220244433919e-20
6.083523342020046658e-18
8.034087987818852821e-18
7.034823312717006084e-18
7.730311526587892140e-18
-9.081317367325589952e-18
1.312634077213786729e-17
1.526077011815541432e-17
4.668564562075830890e-18
1.635596420206703876e-17
-4.140952813622055819e-18
6.051546872416787680e-18
2.789946972884358007e-18
-7.274646834741449385e-19
1.106385848272765432e-17
-4.316823396439980874e-19
5.515941006562197864e-19
6.523199799064860116e-18
3.253605782131615121e-18
4.220893987630203650e-18
8.753558553892182533e-18
1.167940552259039178e-17
1.702747006373547923e-18
4.260864574634277181e-18
4.436735157452202718e-18
7.994117400814779290e-19
-5.755764528586641166e-19
8.953411488912552497e-18
1.317430547654275615e-17
8.537717384070183465e-18
3.397499895346281295e-18
5.971605698408639849e-18
-5.180188075727976857e-18
1.926582293596361736e-18
-3.181658725524282227e-18
3.397499895346281295e-18
-3.749241060982131214e-18
-8.553705618871814110e-18
5.515941006562198057e-18
7.962140931211520312e-18
4.708535149079905191e-18
9.688870289787512854e-18
1.243085255826698124e-17
5.443993949954864777e-18
1.356601722918267998e-17
5.172193958327162305e-18
8.753558553892182533e-18
2.813929325086802433e-18
3.613341065168279977e-18
-3.453458717151984700e-18
7.802258583195224649e-18
7.474499769761818771e-18
7.234676247737374506e-18
4.284846926836721607e-18
7.898187992005002355e-18
1.822658767385769478e-18
8.297893862045740741e-18
6.419276272854267859e-18
-1.942570528397991225e-18
1.566847010559696687e-18
-3.149682255921022863e-18
1.758705828179251521e-18
5.523935123963012609e-18
3.053752847111245542e-18
4.156941048423684923e-18
9.193235010936996761e-18
6.978864490911302679e-18
2.390241102843618850e-18
4.508682214059535227e-18
-6.259393924837972196e-18
7.234676247737374506e-18
4.636588092472572104e-19
1.678764654171103593e-19
6.555176268668119095e-18
5.571899828367901462e-18
5.699805706780937376e-18
2.821923442487616985e-18
4.045023404812278113e-18
2.086464641612657399e-18
8.265917392442480993e-18
6.627123325275451604e-18
9.113293836928847389e-19
8.809517375697887479e-18
-3.837176352391094367e-18
-4.884405731897829958e-18
5.699805706780937376e-18
3.549388125961762020e-18
4.420746922650572843e-18
4.404758687848943739e-18
-2.334282281037915445e-18
6.491223329461600368e-18
3.357529308342207186e-19
2.741982268479469154e-18
6.715058616684414758e-18
-4.244876339832648077e-18
-3.109711668916948947e-18
1.163144081818550446e-17
8.393823270855518447e-19
7.226682130336559954e-18
1.518882306154807978e-19
3.045758729710430990e-18
9.113293836928847389e-19
1.560451716639044930e-17
7.770282113591964900e-18
-1.478911719150734111e-18
7.522464474166707624e-18
3.901129291597612324e-18
-2.166405815620805230e-18
5.483964536958938308e-18
5.148211606124717878e-18
6.275382159639602070e-18
4.956352788505162852e-19
-3.053752847111245542e-18
-8.793529140896257604e-20
4.140952813622055819e-18
1.023247027304291741e-18
7.090782134522709488e-18
3.861158704593538024e-18
2.390241102843618850e-18
3.397499895346281295e-18
4.444729274853017270e-18
-1.343011723336882875e-18
7.506476239365076979e-18
-2.134429346017545866e-18
-8.074058574822926736e-19
4.284846926836721607e-18
3.485435186755244063e-18
-7.650370352579743538e-18
2.845905794690061412e-18
7.122758604125967697e-18
1.542864658357252453e-18
6.699070381882784883e-18
1.382982310340956790e-18
1.358999958138512556e-18
-4.796470440488867839e-20
1.112781142193417228e-17
3.565376360763391895e-18
4.924376318901904258e-18
-4.156941048423684923e-18
-3.621335182569095300e-18
3.277588134334059547e-18
6.763023321089303611e-18
5.611870415371974992e-18
6.683082147081155779e-18
-2.494164629054211108e-18
9.832764403002178257e-19
-5.252135132335310136e-18
-6.299364511842045726e-18
3.069741081912875417e-18
-4.644582209873386463e-18
3.101717551516134395e-18
8.321876214248185938e-18
8.633646792879961749e-19
5.124229253922273452e-18
2.869888146892505838e-18
-9.033352662920699943e-19
3.341541073540577890e-18
-1.279058784130364725e-18
2.262335224430582551e-18
-1.358999958138512364e-19
5.915646876602937021e-19
1.758705828179251521e-19
7.586417413373225581e-18
2.374252868041989361e-18
8.465770327462850956e-18
2.230358754827323572e-18
4.196911635427759224e-18
8.769546788693813178e-18
-2.702011681475395238e-18
-2.510152863855840597e-18
-1.366994075539327301e-18
-3.413488130147910784e-18
-3.181658725524282227e-18
9.353117358953291654e-19
4.316823396439980586e-18
-1.510888188753993282e-18
3.133694021119393374e-18
5.459982184756493882e-18
1.406964662543401217e-18
7.354588008749597409e-18
7.994117400814779290e-19
2.909858733896579754e-18
5.667829237177678397e-18
-8.106035044426186870e-18
1.654782301968659263e-18
-3.037764612309616053e-18
6.874940964700710421e-18
4.788476323088053022e-18
4.380776335646499313e-18
4.124964578820425944e-18
-4.404758687848943739e-18
-1.686758771571918434e-18
7.002846843113746335e-18
2.558117568260729354e-19
3.605346947767465425e-18
-6.283376277040416622e-18
8.985387958515812246e-18
7.562435061170781925e-18
-2.350270515839544934e-18
9.033352662920699943e-19
3.285582251734874100e-18
5.052282197314940172e-18
-2.406229337645248724e-18
1.518882306154808027e-18
3.501423421556873167e-18
-2.877882264293320583e-19
-7.754293878790335989e-19
-5.995588050611084275e-18
-2.893870499094950265e-18
3.053752847111245542e-18
8.953411488912552497e-19
4.708535149079905191e-18
-1.598823480162955858e-18
5.787740998189900530e-18
-1.378985251640549360e-17
6.619129207874637052e-18
7.474499769761818771e-18
3.357529308342207379e-18
2.102452876414286888e-18
3.997058700407389645e-19
6.954882138708857482e-18
6.379305685850193558e-18
9.113293836928848160e-18
5.260129249736124688e-18
-7.274646834741449385e-19
6.123493929024120959e-18
-1.422952897345030706e-18
9.512999706969586546e-19
4.828446910092126553e-18
-6.555176268668118517e-19
3.349535190941392442e-18
5.995588050611084275e-18
-2.358264633240359871e-18
6.235411572635527769e-19
-1.215105844923846383e-18
9.752823228994030811e-19
3.461452834552799252e-18
2.158411698219990293e-18
-5.571899828367901462e-18
6.651105677477896030e-18
-1.279058784130364677e-19
-5.595882180570345118e-18
6.155470398627380323e-19
5.396029245549975925e-18
-1.694752888972733179e-18
2.494164629054211108e-18
2.997794025305542138e-18
1.175135257919772467e-18
1.758705828179251521e-18
2.574105803062358939e-18
7.810252700596039201e-18
1.323825841574927410e-17
-2.398235220244433787e-18
-5.356058658545902009e-19
5.803729232991529634e-18
6.866946847299895098e-18
8.146005631430259631e-18
1.550858775758067198e-18
9.544976176572846295e-18
-5.827711585193974060e-18
-2.973811673103097711e-18
1.124772318294639364e-17
8.393823270855518447e-19
2.238352872228138124e-19
4.788476323088053022e-18
-6.579158620870563521e-18
5.579893945768716014e-18
4.596617505468498381e-18
7.026829195316191531e-18
2.206376402624879146e-18
7.778276230992779452e-18
-3.909123408998426876e-18
-3.597352830366650873e-18
2.893870499094950265e-18
-5.435999832554049455e-19
-3.261599899532430058e-18
-1.518882306154807978e-19
8.281905627244111637e-18
-3.197646960325911716e-18
-4.652576327274201786e-18
-3.381511660544651805e-18
-5.499952771760568182e-18
7.042817430117820636e-18
1.598823480162955906e-19
-1.199117610122216894e-18
4.252870457233462629e-18
-2.222364637426508635e-18
-5.835705702594788612e-19
-3.061746964512060480e-18
-1.630799949766215029e-18
4.988329258108422215e-18
-6.771017438490118163e-18
5.835705702594788612e-19
1.686758771571918434e-18
-8.393823270855518447e-19
-3.509417538957687719e-18
1.566847010559696687e-18
-9.185240893536180669e-18
1.478911719150734111e-18
-1.670770536770288945e-18
6.627123325275451604e-18
-2.877882264293320583e-19
-2.606082272665617918e-18
-2.502158746455026045e-18
-3.285582251734874100e-18
-2.558117568260729450e-18
9.393087945957365184e-18
3.981070465605760156e-18
-4.860423379695385531e-18
-6.323346864044490153e-18
5.699805706780937376e-18
-3.389505777945466357e-18
6.547182151267304543e-18
1.031241144705106486e-18
-5.451988067355679330e-18
3.117705786317763885e-19
-5.723788058983381802e-18
1.470917601749919366e-18
-9.752823228994030811e-19
-6.155470398627380323e-19
8.106035044426186870e-18
3.405494012747095847e-18
-8.881464432305219988e-18
1.742717593377622032e-18
6.075529224619232106e-18
5.627858650173604867e-18
8.793529140896257604e-19
-8.329870331649000490e-18
6.267388042238786748e-18
6.739040968886859184e-18
4.021041052609833686e-18
1.830652884786584415e-18
6.235411572635527769e-18
-1.782688180381695947e-18
6.643111560077081478e-18
4.796470440488867574e-18
-2.781952855483543070e-18
-3.285582251734874100e-18
-7.970135048612334864e-18
2.398235220244433980e-19
-8.793529140896257604e-20
-3.037764612309616053e-18
8.697599732086479128e-18
4.236882222431832947e-19
3.365523425743021931e-18
3.309564603937318526e-18
5.340070423744272520e-18
-1.726729358575992350e-18
5.739776293785011677e-18
3.669299886973983382e-18
2.078470524211842510e-19
4.956352788505163237e-18
1.167141140518957722e-18
-4.692546914278275316e-18
1.830652884786584415e-18
4.372782218245683991e-18
-7.402552713154486262e-18
4.053017522213093435e-18
5.539923358764641713e-18
6.779011555890932715e-18
-2.038499937207768546e-18
-6.059540989817603002e-18
4.580629270666868506e-18
1.279058784130364677e-19
-4.180923400626129349e-18
4.324817513840795908e-18
6.227417455234713217e-18
1.111182318713254317e-18
4.476705744456276248e-18
4.780482205687237700e-18
-5.459982184756493882e-18
4.628593975071757359e-18
1.343011723336882875e-18
-2.630064624868062344e-18
1.105586436532683977e-17
2.278323459232212040e-18
1.846641119588213904e-18
-8.361846801252258698e-18
-8.393823270855518447e-19
-3.917117526399241717e-19
-4.164935165824500245e-18
3.221629312528356143e-18
5.587888063169530566e-18
2.382246985442804298e-18
-1.518882306154808027e-18
1.518882306154808027e-18
1.071211731709180402e-18
9.592940880977735919e-19
1.798676415183325437e-18
1.766699945580066073e-18
1.103188201312439573e-18
1.758705828179251521e-18
-3.117705786317763885e-19
-9.752823228994030811e-19
8.465770327462850956e-18
3.533399891160132146e-18
2.110446993815101825e-18
-1.288651725011342457e-17
1.104787024792602522e-17
2.190388167823249656e-18
-1.365395252059164314e-17
2.036901113727605789e-17
-2.775557561562891351e-17
1.295047018931994253e-17
-1.713938770734688643e-17
-1.368592899019490134e-17
-2.139225816458034829e-17
2.558117568260729450e-18
-2.075272877251516564e-17
6.970870373510488127e-18
-1.534870540956437708e-18
-8.825505610499516583e-18
1.016851733383639984e-17
4.252870457233462629e-18
9.592940880977735919e-19
-1.397371721662423446e-17
2.097656405973797926e-17
-3.997058700407389260e-18
2.497362276014536929e-17
5.372046893347531498e-18
2.833115206848757975e-17
-1.854635236989028842e-18
4.412752805249758291e-18
-3.658108122612843163e-17
-1.726729358575992350e-18
3.965082230804130281e-18
9.528987941771217191e-18
-2.833115206848757975e-17
-1.573242304480348521e-17
-2.187190520862923682e-17
8.441787975260407300e-18
-1.093595260431461841e-17
-4.367985747805195105e-17
-1.336616429416231156e-17
-1.426150544305356758e-17
9.081317367325589952e-18
-2.916254027817231165e-17
-4.284846926836721607e-18
2.558117568260729373e-17
-9.848752637803808517e-18
-4.284846926836721915e-17
8.505740914466925257e-18
-6.779011555890932715e-18
2.494164629054211108e-18
-4.054616345693256037e-17
1.918588176195547030e-17
-3.709270473978057683e-18
-3.255204605611778031e-17
1.982541115402065295e-17
-3.120903433278089860e-17
-4.527868095821491076e-17
1.803472885623814091e-17
-5.052282197314940172e-18
-3.504621068517199450e-17
3.568574007723717715e-17
-5.883670406999677465e-18
-3.645317534771539264e-17
1.765101122099903317e-17
-5.384837481188835090e-17
2.686023446673765749e-18
-1.803472885623814091e-17
-1.598823480162955704e-17
9.592940880977735919e-19
1.470917601749919482e-17
-1.227896432765150167e-17
-5.276117484537754100e-17
-2.430211689847692843e-17
-3.312762250897644655e-17
-6.567966856509422070e-17
1.560451716639044930e-17
-9.592940880977735148e-18
-2.046494054608583483e-18
-5.589486886649693784e-17
-1.848239943068376815e-17
-5.474371596077960537e-17
-6.535990386906163862e-17
-4.834842204012778502e-17
2.686023446673765749e-18
-1.765101122099903317e-17
3.619736359088932081e-17
9.145270306532107909e-18
-3.722061061819361429e-17
-9.209223245738625866e-18
-3.434272835390028927e-17
-4.195312811947595851e-17
1.924983470116198979e-17
-4.604611622869312625e-17
-5.308093954141013541e-18
2.609279919625944047e-17
3.402296365786770103e-17
-5.551115123125782702e-17
-3.216832842087866949e-17
-5.167397487886673111e-17
-5.224955133172539735e-17
-3.843571646311745701e-17
1.419755250384704808e-17
-3.779618707105227436e-17
8.313882096847370038e-19
3.197646960325911716e-18
-5.602277474490997068e-17
2.174399933021619782e-18
1.073130319885375910e-16
-8.313882096847369845e-18
-9.708056171549468087e-17
3.837176352391094059e-17
-6.599943326112681511e-17
-4.796470440488867420e-17
2.749976385880284168e-17
-2.788348149404195251e-17
-2.570908156102032964e-17
-1.362197605098838339e-17
6.779011555890932715e-18
-2.020912878925976069e-17
2.999392848785704971e-17
-4.156941048423684923e-18
-3.945896349042175048e-17
-3.901129291597612324e-17
-1.733124652496644184e-17
1.343011723336882952e-17
-4.054616345693256037e-17
-2.168004639100968140e-17
-3.811595176708486876e-17
2.558117568260729450e-18
-5.557510417046434344e-17
-7.226682130336559954e-18
-3.108112845436785960e-17
-1.880216412671635947e-17
-4.080197521375863220e-17
-4.566239859345402159e-17
-9.656893820184253105e-18
-2.155214051259664549e-17
-4.898795143219296768e-17
8.889458549706034540e-18
3.773223413184575640e-18
1.470917601749919366e-18
-1.406964662543401217e-18
4.572635153266053954e-18
-1.413359956464052858e-17
-2.542129333459099652e-17
-8.122023279227815975e-18
-3.965082230804130590e-17
-1.432545838226008399e-17
-2.698814034515069495e-17
3.229623429929170849e-17
-4.278451632916069657e-17
-2.199981108704227273e-17
-1.247082314527105554e-17
4.924376318901904258e-18
-6.427270390255082257e-17
-2.276724635752049130e-17
-6.874940964700710729e-17
-6.331340981445305167e-17
-7.239472718177864162e-17
1.387778780781445676e-17
-2.999392848785704971e-17
-3.542992832041109916e-17
